{
 "cells": [
  {
   "cell_type": "code",
   "execution_count": 1,
   "metadata": {},
   "outputs": [],
   "source": [
    "from dump.larger_instances import *\n",
    "\n",
    "input_path = 'Data\\Instances\\Large_Instances.xlsx'\n",
    "instance = 'B1'"
   ]
  },
  {
   "cell_type": "code",
   "execution_count": 2,
   "metadata": {},
   "outputs": [],
   "source": [
    "customers, depots, satellites, collaboration_points = InputFetcher(input_path, instance)\n",
    "\n",
    "vehicles = VehicleDict(satellites, instance=instance)"
   ]
  },
  {
   "cell_type": "code",
   "execution_count": 3,
   "metadata": {},
   "outputs": [
    {
     "data": {
      "text/plain": [
       "{7: {'x': 45.88829155095134, 'y': 34.66629416373203, 'demand': 10, 'lsp': 1.0},\n",
       " 8: {'x': 31.53743631362057, 'y': 39.57003567688655, 'demand': 10, 'lsp': 2.0},\n",
       " 9: {'x': 28.22240158796719, 'y': 32.77348758894306, 'demand': 10, 'lsp': 1.0},\n",
       " 10: {'x': 33.97454801807707,\n",
       "  'y': 35.86032199225494,\n",
       "  'demand': 10,\n",
       "  'lsp': 2.0},\n",
       " 11: {'x': 44.81562907327437,\n",
       "  'y': 27.95544882481084,\n",
       "  'demand': 10,\n",
       "  'lsp': 1.0},\n",
       " 12: {'x': 33.14595080867211, 'y': 12.6343196568895, 'demand': 10, 'lsp': 2.0},\n",
       " 13: {'x': 23.76113062808669,\n",
       "  'y': 30.51419550154245,\n",
       "  'demand': 10,\n",
       "  'lsp': 1.0},\n",
       " 14: {'x': 32.98232604301873,\n",
       "  'y': 48.46738659073952,\n",
       "  'demand': 10,\n",
       "  'lsp': 2.0},\n",
       " 15: {'x': 44.95672945626828,\n",
       "  'y': 23.64844993572046,\n",
       "  'demand': 10,\n",
       "  'lsp': 1.0},\n",
       " 16: {'x': 19.82477031847436,\n",
       "  'y': 21.89642009958293,\n",
       "  'demand': 10,\n",
       "  'lsp': 2.0},\n",
       " 17: {'x': 34.66974208784789,\n",
       "  'y': 24.78315930070959,\n",
       "  'demand': 10,\n",
       "  'lsp': 1.0},\n",
       " 18: {'x': 37.66652717629993,\n",
       "  'y': 38.28858179129533,\n",
       "  'demand': 10,\n",
       "  'lsp': 2.0},\n",
       " 19: {'x': 31.50759985757585,\n",
       "  'y': 22.49696991100695,\n",
       "  'demand': 10,\n",
       "  'lsp': 1.0},\n",
       " 20: {'x': 22.16788903064911,\n",
       "  'y': 27.64268363102461,\n",
       "  'demand': 10,\n",
       "  'lsp': 2.0},\n",
       " 21: {'x': 41.23502609692192,\n",
       "  'y': 13.65938596891804,\n",
       "  'demand': 10,\n",
       "  'lsp': 1.0},\n",
       " 22: {'x': 22.65837198267138,\n",
       "  'y': 23.57065827216944,\n",
       "  'demand': 10,\n",
       "  'lsp': 2.0},\n",
       " 23: {'x': 27.09984517880925,\n",
       "  'y': 41.22116167752722,\n",
       "  'demand': 10,\n",
       "  'lsp': 1.0},\n",
       " 24: {'x': 40.51184932927578,\n",
       "  'y': 23.97176002388119,\n",
       "  'demand': 10,\n",
       "  'lsp': 2.0},\n",
       " 25: {'x': 26.79469085190764,\n",
       "  'y': 25.46507152601756,\n",
       "  'demand': 10,\n",
       "  'lsp': 1.0},\n",
       " 26: {'x': 32.62329687639233,\n",
       "  'y': 30.89526107249165,\n",
       "  'demand': 10,\n",
       "  'lsp': 2.0},\n",
       " 27: {'x': 36.02587380790052,\n",
       "  'y': 43.08710749691104,\n",
       "  'demand': 10,\n",
       "  'lsp': 1.0},\n",
       " 28: {'x': 32.743522928514, 'y': 19.15755267670611, 'demand': 10, 'lsp': 2.0},\n",
       " 29: {'x': 43.88632886262447,\n",
       "  'y': 41.53644773209304,\n",
       "  'demand': 10,\n",
       "  'lsp': 1.0},\n",
       " 30: {'x': 23.19952762395271,\n",
       "  'y': 13.46051924069448,\n",
       "  'demand': 10,\n",
       "  'lsp': 2.0}}"
      ]
     },
     "execution_count": 3,
     "metadata": {},
     "output_type": "execute_result"
    }
   ],
   "source": [
    "customers"
   ]
  },
  {
   "cell_type": "code",
   "execution_count": 4,
   "metadata": {},
   "outputs": [
    {
     "data": {
      "text/plain": [
       "{1: {'x': 14.34102208391791, 'y': 10.22139563309806, 'lsp': 1.0},\n",
       " 2: {'x': 49.28127216457916, 'y': 40.16131856417719, 'lsp': 2.0}}"
      ]
     },
     "execution_count": 4,
     "metadata": {},
     "output_type": "execute_result"
    }
   ],
   "source": [
    "depots"
   ]
  },
  {
   "cell_type": "code",
   "execution_count": 5,
   "metadata": {},
   "outputs": [
    {
     "data": {
      "text/plain": [
       "{3: {'x': 14.53205909800563, 'y': 18.24183946007634, 'lsp': 1.0},\n",
       " 4: {'x': 40.26458, 'y': 30.524851, 'lsp': 2.0},\n",
       " 5: {'x': 15.86850429645852, 'y': 37.1593696531963, 'lsp': 1.0},\n",
       " 6: {'x': 29.40418426512856, 'y': 48.32279623916652, 'lsp': 2.0}}"
      ]
     },
     "execution_count": 5,
     "metadata": {},
     "output_type": "execute_result"
    }
   ],
   "source": [
    "satellites"
   ]
  },
  {
   "cell_type": "code",
   "execution_count": 6,
   "metadata": {},
   "outputs": [
    {
     "data": {
      "text/plain": [
       "{31: {'x': 30.24564, 'y': 25.315621}, 32: {'x': 25.45264, 'y': 40.2346}}"
      ]
     },
     "execution_count": 6,
     "metadata": {},
     "output_type": "execute_result"
    }
   ],
   "source": [
    "collaboration_points"
   ]
  },
  {
   "cell_type": "code",
   "execution_count": 7,
   "metadata": {},
   "outputs": [
    {
     "data": {
      "text/plain": [
       "{(3, 1): {'capacity': 30, 'satellite': 3, 'lsp': 1.0},\n",
       " (3, 2): {'capacity': 30, 'satellite': 3, 'lsp': 1.0},\n",
       " (4, 1): {'capacity': 30, 'satellite': 4, 'lsp': 2.0},\n",
       " (4, 2): {'capacity': 30, 'satellite': 4, 'lsp': 2.0},\n",
       " (5, 1): {'capacity': 30, 'satellite': 5, 'lsp': 1.0},\n",
       " (5, 2): {'capacity': 30, 'satellite': 5, 'lsp': 1.0},\n",
       " (6, 1): {'capacity': 30, 'satellite': 6, 'lsp': 2.0},\n",
       " (6, 2): {'capacity': 30, 'satellite': 6, 'lsp': 2.0}}"
      ]
     },
     "execution_count": 7,
     "metadata": {},
     "output_type": "execute_result"
    }
   ],
   "source": [
    "vehicles"
   ]
  },
  {
   "cell_type": "code",
   "execution_count": 8,
   "metadata": {},
   "outputs": [],
   "source": [
    "customers, satellites = algorithm1(satellites, customers)"
   ]
  },
  {
   "cell_type": "code",
   "execution_count": 9,
   "metadata": {},
   "outputs": [
    {
     "name": "stdout",
     "output_type": "stream",
     "text": [
      "Customers:  {7: {'x': 45.88829155095134, 'y': 34.66629416373203, 'demand': 10, 'lsp': 1.0, 'origin_satellite': 5}, 8: {'x': 31.53743631362057, 'y': 39.57003567688655, 'demand': 10, 'lsp': 2.0, 'origin_satellite': 6}, 9: {'x': 28.22240158796719, 'y': 32.77348758894306, 'demand': 10, 'lsp': 1.0, 'origin_satellite': 5}, 10: {'x': 33.97454801807707, 'y': 35.86032199225494, 'demand': 10, 'lsp': 2.0, 'origin_satellite': 6}, 11: {'x': 44.81562907327437, 'y': 27.95544882481084, 'demand': 10, 'lsp': 1.0, 'origin_satellite': 5}, 12: {'x': 33.14595080867211, 'y': 12.6343196568895, 'demand': 10, 'lsp': 2.0, 'origin_satellite': 4}, 13: {'x': 23.76113062808669, 'y': 30.51419550154245, 'demand': 10, 'lsp': 1.0, 'origin_satellite': 5}, 14: {'x': 32.98232604301873, 'y': 48.46738659073952, 'demand': 10, 'lsp': 2.0, 'origin_satellite': 6}, 15: {'x': 44.95672945626828, 'y': 23.64844993572046, 'demand': 10, 'lsp': 1.0, 'origin_satellite': 3}, 16: {'x': 19.82477031847436, 'y': 21.89642009958293, 'demand': 10, 'lsp': 2.0, 'origin_satellite': 6}, 17: {'x': 34.66974208784789, 'y': 24.78315930070959, 'demand': 10, 'lsp': 1.0, 'origin_satellite': 3}, 18: {'x': 37.66652717629993, 'y': 38.28858179129533, 'demand': 10, 'lsp': 2.0, 'origin_satellite': 6}, 19: {'x': 31.50759985757585, 'y': 22.49696991100695, 'demand': 10, 'lsp': 1.0, 'origin_satellite': 3}, 20: {'x': 22.16788903064911, 'y': 27.64268363102461, 'demand': 10, 'lsp': 2.0, 'origin_satellite': 6}, 21: {'x': 41.23502609692192, 'y': 13.65938596891804, 'demand': 10, 'lsp': 1.0, 'origin_satellite': 3}, 22: {'x': 22.65837198267138, 'y': 23.57065827216944, 'demand': 10, 'lsp': 2.0, 'origin_satellite': 4}, 23: {'x': 27.09984517880925, 'y': 41.22116167752722, 'demand': 10, 'lsp': 1.0, 'origin_satellite': 3}, 24: {'x': 40.51184932927578, 'y': 23.97176002388119, 'demand': 10, 'lsp': 2.0, 'origin_satellite': 4}, 25: {'x': 26.79469085190764, 'y': 25.46507152601756, 'demand': 10, 'lsp': 1.0, 'origin_satellite': 3}, 26: {'x': 32.62329687639233, 'y': 30.89526107249165, 'demand': 10, 'lsp': 2.0, 'origin_satellite': 4}, 27: {'x': 36.02587380790052, 'y': 43.08710749691104, 'demand': 10, 'lsp': 1.0, 'origin_satellite': 5}, 28: {'x': 32.743522928514, 'y': 19.15755267670611, 'demand': 10, 'lsp': 2.0, 'origin_satellite': 4}, 29: {'x': 43.88632886262447, 'y': 41.53644773209304, 'demand': 10, 'lsp': 1.0, 'origin_satellite': 5}, 30: {'x': 23.19952762395271, 'y': 13.46051924069448, 'demand': 10, 'lsp': 2.0, 'origin_satellite': 4}}\n",
      "Satellites:  {3: {'x': 14.53205909800563, 'y': 18.24183946007634, 'lsp': 1.0, 'origin_customers': [15, 17, 19, 21, 25, 23]}, 4: {'x': 40.26458, 'y': 30.524851, 'lsp': 2.0, 'origin_customers': [12, 22, 24, 26, 28, 30]}, 5: {'x': 15.86850429645852, 'y': 37.1593696531963, 'lsp': 1.0, 'origin_customers': [7, 9, 11, 13, 27, 29]}, 6: {'x': 29.40418426512856, 'y': 48.32279623916652, 'lsp': 2.0, 'origin_customers': [8, 14, 20, 18, 10, 16]}}\n"
     ]
    }
   ],
   "source": [
    "print('Customers: ', customers)\n",
    "print('Satellites: ', satellites)"
   ]
  },
  {
   "cell_type": "code",
   "execution_count": 10,
   "metadata": {},
   "outputs": [],
   "source": [
    "customers, satellites, satellite_pairs = algorithm2(satellites, customers, collaboration_points)"
   ]
  },
  {
   "cell_type": "code",
   "execution_count": 11,
   "metadata": {},
   "outputs": [
    {
     "name": "stdout",
     "output_type": "stream",
     "text": [
      "Customers:  {7: {'x': 45.88829155095134, 'y': 34.66629416373203, 'demand': 10, 'lsp': 1.0, 'origin_satellite': 5, 'clustered_satellite': 6, 'collaboration_point': 32}, 8: {'x': 31.53743631362057, 'y': 39.57003567688655, 'demand': 10, 'lsp': 2.0, 'origin_satellite': 6, 'clustered_satellite': 6, 'collaboration_point': 32}, 9: {'x': 28.22240158796719, 'y': 32.77348758894306, 'demand': 10, 'lsp': 1.0, 'origin_satellite': 5, 'clustered_satellite': 5, 'collaboration_point': 32}, 10: {'x': 33.97454801807707, 'y': 35.86032199225494, 'demand': 10, 'lsp': 2.0, 'origin_satellite': 6, 'clustered_satellite': 6, 'collaboration_point': 32}, 11: {'x': 44.81562907327437, 'y': 27.95544882481084, 'demand': 10, 'lsp': 1.0, 'origin_satellite': 5, 'clustered_satellite': 6, 'collaboration_point': 32}, 12: {'x': 33.14595080867211, 'y': 12.6343196568895, 'demand': 10, 'lsp': 2.0, 'origin_satellite': 4, 'clustered_satellite': 4, 'collaboration_point': 31}, 13: {'x': 23.76113062808669, 'y': 30.51419550154245, 'demand': 10, 'lsp': 1.0, 'origin_satellite': 5, 'clustered_satellite': 5, 'collaboration_point': 32}, 14: {'x': 32.98232604301873, 'y': 48.46738659073952, 'demand': 10, 'lsp': 2.0, 'origin_satellite': 6, 'clustered_satellite': 6, 'collaboration_point': 32}, 15: {'x': 44.95672945626828, 'y': 23.64844993572046, 'demand': 10, 'lsp': 1.0, 'origin_satellite': 3, 'clustered_satellite': 4, 'collaboration_point': 31}, 16: {'x': 19.82477031847436, 'y': 21.89642009958293, 'demand': 10, 'lsp': 2.0, 'origin_satellite': 6, 'clustered_satellite': 5, 'collaboration_point': 32}, 17: {'x': 34.66974208784789, 'y': 24.78315930070959, 'demand': 10, 'lsp': 1.0, 'origin_satellite': 3, 'clustered_satellite': 4, 'collaboration_point': 31}, 18: {'x': 37.66652717629993, 'y': 38.28858179129533, 'demand': 10, 'lsp': 2.0, 'origin_satellite': 6, 'clustered_satellite': 6, 'collaboration_point': 32}, 19: {'x': 31.50759985757585, 'y': 22.49696991100695, 'demand': 10, 'lsp': 1.0, 'origin_satellite': 3, 'clustered_satellite': 4, 'collaboration_point': 31}, 20: {'x': 22.16788903064911, 'y': 27.64268363102461, 'demand': 10, 'lsp': 2.0, 'origin_satellite': 6, 'clustered_satellite': 5, 'collaboration_point': 32}, 21: {'x': 41.23502609692192, 'y': 13.65938596891804, 'demand': 10, 'lsp': 1.0, 'origin_satellite': 3, 'clustered_satellite': 4, 'collaboration_point': 31}, 22: {'x': 22.65837198267138, 'y': 23.57065827216944, 'demand': 10, 'lsp': 2.0, 'origin_satellite': 4, 'clustered_satellite': 3, 'collaboration_point': 31}, 23: {'x': 27.09984517880925, 'y': 41.22116167752722, 'demand': 10, 'lsp': 1.0, 'origin_satellite': 3, 'clustered_satellite': 4, 'collaboration_point': 31}, 24: {'x': 40.51184932927578, 'y': 23.97176002388119, 'demand': 10, 'lsp': 2.0, 'origin_satellite': 4, 'clustered_satellite': 4, 'collaboration_point': 31}, 25: {'x': 26.79469085190764, 'y': 25.46507152601756, 'demand': 10, 'lsp': 1.0, 'origin_satellite': 3, 'clustered_satellite': 3, 'collaboration_point': 31}, 26: {'x': 32.62329687639233, 'y': 30.89526107249165, 'demand': 10, 'lsp': 2.0, 'origin_satellite': 4, 'clustered_satellite': 4, 'collaboration_point': 31}, 27: {'x': 36.02587380790052, 'y': 43.08710749691104, 'demand': 10, 'lsp': 1.0, 'origin_satellite': 5, 'clustered_satellite': 6, 'collaboration_point': 32}, 28: {'x': 32.743522928514, 'y': 19.15755267670611, 'demand': 10, 'lsp': 2.0, 'origin_satellite': 4, 'clustered_satellite': 4, 'collaboration_point': 31}, 29: {'x': 43.88632886262447, 'y': 41.53644773209304, 'demand': 10, 'lsp': 1.0, 'origin_satellite': 5, 'clustered_satellite': 6, 'collaboration_point': 32}, 30: {'x': 23.19952762395271, 'y': 13.46051924069448, 'demand': 10, 'lsp': 2.0, 'origin_satellite': 4, 'clustered_satellite': 3, 'collaboration_point': 31}}\n",
      "Satellites:  {3: {'x': 14.53205909800563, 'y': 18.24183946007634, 'lsp': 1.0, 'origin_customers': [15, 17, 19, 21, 25, 23], 'collaboration_point': 31}, 4: {'x': 40.26458, 'y': 30.524851, 'lsp': 2.0, 'origin_customers': [12, 22, 24, 26, 28, 30], 'collaboration_point': 31}, 5: {'x': 15.86850429645852, 'y': 37.1593696531963, 'lsp': 1.0, 'origin_customers': [7, 9, 11, 13, 27, 29], 'collaboration_point': 32}, 6: {'x': 29.40418426512856, 'y': 48.32279623916652, 'lsp': 2.0, 'origin_customers': [8, 14, 20, 18, 10, 16], 'collaboration_point': 32}}\n"
     ]
    }
   ],
   "source": [
    "print('Customers: ', customers)\n",
    "print('Satellites: ', satellites)\n",
    "print('Satellite pairs: ', satellite_pairs)"
   ]
  },
  {
   "cell_type": "code",
   "execution_count": 1,
   "metadata": {},
   "outputs": [
    {
     "data": {
      "text/html": [
       "<div>\n",
       "<style scoped>\n",
       "    .dataframe tbody tr th:only-of-type {\n",
       "        vertical-align: middle;\n",
       "    }\n",
       "\n",
       "    .dataframe tbody tr th {\n",
       "        vertical-align: top;\n",
       "    }\n",
       "\n",
       "    .dataframe thead th {\n",
       "        text-align: right;\n",
       "    }\n",
       "</style>\n",
       "<table border=\"1\" class=\"dataframe\">\n",
       "  <thead>\n",
       "    <tr style=\"text-align: right;\">\n",
       "      <th>Number</th>\n",
       "      <th>1</th>\n",
       "      <th>2</th>\n",
       "      <th>3</th>\n",
       "      <th>4</th>\n",
       "      <th>5</th>\n",
       "      <th>6</th>\n",
       "      <th>7</th>\n",
       "      <th>8</th>\n",
       "      <th>9</th>\n",
       "      <th>10</th>\n",
       "      <th>11</th>\n",
       "      <th>12</th>\n",
       "      <th>13</th>\n",
       "      <th>14</th>\n",
       "      <th>15</th>\n",
       "      <th>16</th>\n",
       "      <th>17</th>\n",
       "      <th>18</th>\n",
       "      <th>19</th>\n",
       "      <th>20</th>\n",
       "    </tr>\n",
       "    <tr>\n",
       "      <th>Number</th>\n",
       "      <th></th>\n",
       "      <th></th>\n",
       "      <th></th>\n",
       "      <th></th>\n",
       "      <th></th>\n",
       "      <th></th>\n",
       "      <th></th>\n",
       "      <th></th>\n",
       "      <th></th>\n",
       "      <th></th>\n",
       "      <th></th>\n",
       "      <th></th>\n",
       "      <th></th>\n",
       "      <th></th>\n",
       "      <th></th>\n",
       "      <th></th>\n",
       "      <th></th>\n",
       "      <th></th>\n",
       "      <th></th>\n",
       "      <th></th>\n",
       "    </tr>\n",
       "  </thead>\n",
       "  <tbody>\n",
       "    <tr>\n",
       "      <th>1</th>\n",
       "      <td>0.0</td>\n",
       "      <td>56.824301</td>\n",
       "      <td>15.560027</td>\n",
       "      <td>42.415181</td>\n",
       "      <td>35.523591</td>\n",
       "      <td>30.726232</td>\n",
       "      <td>31.916885</td>\n",
       "      <td>37.626505</td>\n",
       "      <td>39.574163</td>\n",
       "      <td>23.446501</td>\n",
       "      <td>33.898197</td>\n",
       "      <td>43.142728</td>\n",
       "      <td>28.794087</td>\n",
       "      <td>15.905115</td>\n",
       "      <td>10.820268</td>\n",
       "      <td>40.334557</td>\n",
       "      <td>18.463196</td>\n",
       "      <td>38.909666</td>\n",
       "      <td>23.594677</td>\n",
       "      <td>37.898744</td>\n",
       "    </tr>\n",
       "    <tr>\n",
       "      <th>2</th>\n",
       "      <td>56.824301</td>\n",
       "      <td>0.0</td>\n",
       "      <td>42.037925</td>\n",
       "      <td>15.975799</td>\n",
       "      <td>26.326823</td>\n",
       "      <td>36.44924</td>\n",
       "      <td>28.542735</td>\n",
       "      <td>30.941053</td>\n",
       "      <td>19.598092</td>\n",
       "      <td>34.572809</td>\n",
       "      <td>24.50206</td>\n",
       "      <td>14.116063</td>\n",
       "      <td>28.036609</td>\n",
       "      <td>42.905968</td>\n",
       "      <td>46.323334</td>\n",
       "      <td>20.258489</td>\n",
       "      <td>39.547886</td>\n",
       "      <td>29.498291</td>\n",
       "      <td>35.179497</td>\n",
       "      <td>20.483577</td>\n",
       "    </tr>\n",
       "    <tr>\n",
       "      <th>3</th>\n",
       "      <td>15.560027</td>\n",
       "      <td>42.037925</td>\n",
       "      <td>0.0</td>\n",
       "      <td>27.06221</td>\n",
       "      <td>24.542012</td>\n",
       "      <td>16.95051</td>\n",
       "      <td>16.407817</td>\n",
       "      <td>22.942072</td>\n",
       "      <td>24.084859</td>\n",
       "      <td>7.899019</td>\n",
       "      <td>21.207864</td>\n",
       "      <td>28.066502</td>\n",
       "      <td>14.294865</td>\n",
       "      <td>2.566343</td>\n",
       "      <td>4.786439</td>\n",
       "      <td>27.892256</td>\n",
       "      <td>9.944213</td>\n",
       "      <td>29.84275</td>\n",
       "      <td>8.082706</td>\n",
       "      <td>24.724152</td>\n",
       "    </tr>\n",
       "    <tr>\n",
       "      <th>4</th>\n",
       "      <td>42.415181</td>\n",
       "      <td>15.975799</td>\n",
       "      <td>27.06221</td>\n",
       "      <td>0.0</td>\n",
       "      <td>19.936821</td>\n",
       "      <td>20.710299</td>\n",
       "      <td>12.569529</td>\n",
       "      <td>16.217697</td>\n",
       "      <td>3.646656</td>\n",
       "      <td>19.265372</td>\n",
       "      <td>15.336285</td>\n",
       "      <td>3.0996</td>\n",
       "      <td>14.312648</td>\n",
       "      <td>27.566078</td>\n",
       "      <td>31.639904</td>\n",
       "      <td>16.046532</td>\n",
       "      <td>26.869299</td>\n",
       "      <td>25.964036</td>\n",
       "      <td>19.625541</td>\n",
       "      <td>13.166467</td>\n",
       "    </tr>\n",
       "    <tr>\n",
       "      <th>5</th>\n",
       "      <td>35.523591</td>\n",
       "      <td>26.326823</td>\n",
       "      <td>24.542012</td>\n",
       "      <td>19.936821</td>\n",
       "      <td>0.0</td>\n",
       "      <td>31.027868</td>\n",
       "      <td>22.585768</td>\n",
       "      <td>31.118959</td>\n",
       "      <td>20.498182</td>\n",
       "      <td>20.756157</td>\n",
       "      <td>5.408292</td>\n",
       "      <td>17.883957</td>\n",
       "      <td>13.306741</td>\n",
       "      <td>26.655989</td>\n",
       "      <td>27.017241</td>\n",
       "      <td>6.112443</td>\n",
       "      <td>17.104847</td>\n",
       "      <td>6.762543</td>\n",
       "      <td>22.299252</td>\n",
       "      <td>6.908491</td>\n",
       "    </tr>\n",
       "    <tr>\n",
       "      <th>6</th>\n",
       "      <td>30.726232</td>\n",
       "      <td>36.44924</td>\n",
       "      <td>16.95051</td>\n",
       "      <td>20.710299</td>\n",
       "      <td>31.027868</td>\n",
       "      <td>0.0</td>\n",
       "      <td>9.126956</td>\n",
       "      <td>7.51779</td>\n",
       "      <td>17.086255</td>\n",
       "      <td>12.294678</td>\n",
       "      <td>25.808259</td>\n",
       "      <td>23.306068</td>\n",
       "      <td>17.797999</td>\n",
       "      <td>15.380135</td>\n",
       "      <td>21.1795</td>\n",
       "      <td>31.042112</td>\n",
       "      <td>24.386006</td>\n",
       "      <td>37.704528</td>\n",
       "      <td>10.793091</td>\n",
       "      <td>27.158417</td>\n",
       "    </tr>\n",
       "    <tr>\n",
       "      <th>7</th>\n",
       "      <td>31.916885</td>\n",
       "      <td>28.542735</td>\n",
       "      <td>16.407817</td>\n",
       "      <td>12.569529</td>\n",
       "      <td>22.585768</td>\n",
       "      <td>9.126956</td>\n",
       "      <td>0.0</td>\n",
       "      <td>9.029198</td>\n",
       "      <td>8.98449</td>\n",
       "      <td>8.75727</td>\n",
       "      <td>17.220342</td>\n",
       "      <td>14.750797</td>\n",
       "      <td>9.980831</td>\n",
       "      <td>16.181633</td>\n",
       "      <td>21.194234</td>\n",
       "      <td>22.027703</td>\n",
       "      <td>20.124915</td>\n",
       "      <td>29.343069</td>\n",
       "      <td>8.328781</td>\n",
       "      <td>18.15068</td>\n",
       "    </tr>\n",
       "    <tr>\n",
       "      <th>8</th>\n",
       "      <td>37.626505</td>\n",
       "      <td>30.941053</td>\n",
       "      <td>22.942072</td>\n",
       "      <td>16.217697</td>\n",
       "      <td>31.118959</td>\n",
       "      <td>7.51779</td>\n",
       "      <td>9.029198</td>\n",
       "      <td>0.0</td>\n",
       "      <td>12.995224</td>\n",
       "      <td>16.477055</td>\n",
       "      <td>25.710673</td>\n",
       "      <td>19.210202</td>\n",
       "      <td>18.982308</td>\n",
       "      <td>21.854129</td>\n",
       "      <td>27.527801</td>\n",
       "      <td>29.653064</td>\n",
       "      <td>28.598729</td>\n",
       "      <td>37.869221</td>\n",
       "      <td>15.41059</td>\n",
       "      <td>25.900014</td>\n",
       "    </tr>\n",
       "    <tr>\n",
       "      <th>9</th>\n",
       "      <td>39.574163</td>\n",
       "      <td>19.598092</td>\n",
       "      <td>24.084859</td>\n",
       "      <td>3.646656</td>\n",
       "      <td>20.498182</td>\n",
       "      <td>17.086255</td>\n",
       "      <td>8.98449</td>\n",
       "      <td>12.995224</td>\n",
       "      <td>0.0</td>\n",
       "      <td>16.202422</td>\n",
       "      <td>15.412508</td>\n",
       "      <td>6.317861</td>\n",
       "      <td>12.39799</td>\n",
       "      <td>24.396073</td>\n",
       "      <td>28.757815</td>\n",
       "      <td>17.567243</td>\n",
       "      <td>24.913478</td>\n",
       "      <td>26.925333</td>\n",
       "      <td>16.396216</td>\n",
       "      <td>14.17613</td>\n",
       "    </tr>\n",
       "    <tr>\n",
       "      <th>10</th>\n",
       "      <td>23.446501</td>\n",
       "      <td>34.572809</td>\n",
       "      <td>7.899019</td>\n",
       "      <td>19.265372</td>\n",
       "      <td>20.756157</td>\n",
       "      <td>12.294678</td>\n",
       "      <td>8.75727</td>\n",
       "      <td>16.477055</td>\n",
       "      <td>16.202422</td>\n",
       "      <td>0.0</td>\n",
       "      <td>16.245549</td>\n",
       "      <td>20.485531</td>\n",
       "      <td>8.061639</td>\n",
       "      <td>8.343662</td>\n",
       "      <td>12.634163</td>\n",
       "      <td>22.611678</td>\n",
       "      <td>12.266827</td>\n",
       "      <td>27.021741</td>\n",
       "      <td>1.634828</td>\n",
       "      <td>18.995794</td>\n",
       "    </tr>\n",
       "    <tr>\n",
       "      <th>11</th>\n",
       "      <td>33.898197</td>\n",
       "      <td>24.50206</td>\n",
       "      <td>21.207864</td>\n",
       "      <td>15.336285</td>\n",
       "      <td>5.408292</td>\n",
       "      <td>25.808259</td>\n",
       "      <td>17.220342</td>\n",
       "      <td>25.710673</td>\n",
       "      <td>15.412508</td>\n",
       "      <td>16.245549</td>\n",
       "      <td>0.0</td>\n",
       "      <td>13.7657</td>\n",
       "      <td>8.354705</td>\n",
       "      <td>23.037306</td>\n",
       "      <td>24.400142</td>\n",
       "      <td>6.687813</td>\n",
       "      <td>15.63891</td>\n",
       "      <td>12.16448</td>\n",
       "      <td>17.688853</td>\n",
       "      <td>4.126714</td>\n",
       "    </tr>\n",
       "    <tr>\n",
       "      <th>12</th>\n",
       "      <td>43.142728</td>\n",
       "      <td>14.116063</td>\n",
       "      <td>28.066502</td>\n",
       "      <td>3.0996</td>\n",
       "      <td>17.883957</td>\n",
       "      <td>23.306068</td>\n",
       "      <td>14.750797</td>\n",
       "      <td>19.210202</td>\n",
       "      <td>6.317861</td>\n",
       "      <td>20.485531</td>\n",
       "      <td>13.7657</td>\n",
       "      <td>0.0</td>\n",
       "      <td>14.480859</td>\n",
       "      <td>28.827752</td>\n",
       "      <td>32.482521</td>\n",
       "      <td>13.4501</td>\n",
       "      <td>26.755131</td>\n",
       "      <td>23.57572</td>\n",
       "      <td>21.063805</td>\n",
       "      <td>10.984108</td>\n",
       "    </tr>\n",
       "    <tr>\n",
       "      <th>13</th>\n",
       "      <td>28.794087</td>\n",
       "      <td>28.036609</td>\n",
       "      <td>14.294865</td>\n",
       "      <td>14.312648</td>\n",
       "      <td>13.306741</td>\n",
       "      <td>17.797999</td>\n",
       "      <td>9.980831</td>\n",
       "      <td>18.982308</td>\n",
       "      <td>12.39799</td>\n",
       "      <td>8.061639</td>\n",
       "      <td>8.354705</td>\n",
       "      <td>14.480859</td>\n",
       "      <td>0.0</td>\n",
       "      <td>15.650004</td>\n",
       "      <td>18.331815</td>\n",
       "      <td>14.560069</td>\n",
       "      <td>12.582181</td>\n",
       "      <td>19.921068</td>\n",
       "      <td>9.407528</td>\n",
       "      <td>10.93979</td>\n",
       "    </tr>\n",
       "    <tr>\n",
       "      <th>14</th>\n",
       "      <td>15.905115</td>\n",
       "      <td>42.905968</td>\n",
       "      <td>2.566343</td>\n",
       "      <td>27.566078</td>\n",
       "      <td>26.655989</td>\n",
       "      <td>15.380135</td>\n",
       "      <td>16.181633</td>\n",
       "      <td>21.854129</td>\n",
       "      <td>24.396073</td>\n",
       "      <td>8.343662</td>\n",
       "      <td>23.037306</td>\n",
       "      <td>28.827752</td>\n",
       "      <td>15.650004</td>\n",
       "      <td>0.0</td>\n",
       "      <td>5.800907</td>\n",
       "      <td>29.688972</td>\n",
       "      <td>12.507674</td>\n",
       "      <td>32.144725</td>\n",
       "      <td>8.010248</td>\n",
       "      <td>26.37116</td>\n",
       "    </tr>\n",
       "    <tr>\n",
       "      <th>15</th>\n",
       "      <td>10.820268</td>\n",
       "      <td>46.323334</td>\n",
       "      <td>4.786439</td>\n",
       "      <td>31.639904</td>\n",
       "      <td>27.017241</td>\n",
       "      <td>21.1795</td>\n",
       "      <td>21.194234</td>\n",
       "      <td>27.527801</td>\n",
       "      <td>28.757815</td>\n",
       "      <td>12.634163</td>\n",
       "      <td>24.400142</td>\n",
       "      <td>32.482521</td>\n",
       "      <td>18.331815</td>\n",
       "      <td>5.800907</td>\n",
       "      <td>0.0</td>\n",
       "      <td>31.050024</td>\n",
       "      <td>10.521751</td>\n",
       "      <td>31.618527</td>\n",
       "      <td>12.868655</td>\n",
       "      <td>28.18422</td>\n",
       "    </tr>\n",
       "    <tr>\n",
       "      <th>16</th>\n",
       "      <td>40.334557</td>\n",
       "      <td>20.258489</td>\n",
       "      <td>27.892256</td>\n",
       "      <td>16.046532</td>\n",
       "      <td>6.112443</td>\n",
       "      <td>31.042112</td>\n",
       "      <td>22.027703</td>\n",
       "      <td>29.653064</td>\n",
       "      <td>17.567243</td>\n",
       "      <td>22.611678</td>\n",
       "      <td>6.687813</td>\n",
       "      <td>13.4501</td>\n",
       "      <td>14.560069</td>\n",
       "      <td>29.688972</td>\n",
       "      <td>31.050024</td>\n",
       "      <td>0.0</td>\n",
       "      <td>21.916504</td>\n",
       "      <td>10.263066</td>\n",
       "      <td>23.961955</td>\n",
       "      <td>3.883699</td>\n",
       "    </tr>\n",
       "    <tr>\n",
       "      <th>17</th>\n",
       "      <td>18.463196</td>\n",
       "      <td>39.547886</td>\n",
       "      <td>9.944213</td>\n",
       "      <td>26.869299</td>\n",
       "      <td>17.104847</td>\n",
       "      <td>24.386006</td>\n",
       "      <td>20.124915</td>\n",
       "      <td>28.598729</td>\n",
       "      <td>24.913478</td>\n",
       "      <td>12.266827</td>\n",
       "      <td>15.63891</td>\n",
       "      <td>26.755131</td>\n",
       "      <td>12.582181</td>\n",
       "      <td>12.507674</td>\n",
       "      <td>10.521751</td>\n",
       "      <td>21.916504</td>\n",
       "      <td>0.0</td>\n",
       "      <td>21.174509</td>\n",
       "      <td>13.631704</td>\n",
       "      <td>19.732028</td>\n",
       "    </tr>\n",
       "    <tr>\n",
       "      <th>18</th>\n",
       "      <td>38.909666</td>\n",
       "      <td>29.498291</td>\n",
       "      <td>29.84275</td>\n",
       "      <td>25.964036</td>\n",
       "      <td>6.762543</td>\n",
       "      <td>37.704528</td>\n",
       "      <td>29.343069</td>\n",
       "      <td>37.869221</td>\n",
       "      <td>26.925333</td>\n",
       "      <td>27.021741</td>\n",
       "      <td>12.16448</td>\n",
       "      <td>23.57572</td>\n",
       "      <td>19.921068</td>\n",
       "      <td>32.144725</td>\n",
       "      <td>31.618527</td>\n",
       "      <td>10.263066</td>\n",
       "      <td>21.174509</td>\n",
       "      <td>0.0</td>\n",
       "      <td>28.611664</td>\n",
       "      <td>12.830941</td>\n",
       "    </tr>\n",
       "    <tr>\n",
       "      <th>19</th>\n",
       "      <td>23.594677</td>\n",
       "      <td>35.179497</td>\n",
       "      <td>8.082706</td>\n",
       "      <td>19.625541</td>\n",
       "      <td>22.299252</td>\n",
       "      <td>10.793091</td>\n",
       "      <td>8.328781</td>\n",
       "      <td>15.41059</td>\n",
       "      <td>16.396216</td>\n",
       "      <td>1.634828</td>\n",
       "      <td>17.688853</td>\n",
       "      <td>21.063805</td>\n",
       "      <td>9.407528</td>\n",
       "      <td>8.010248</td>\n",
       "      <td>12.868655</td>\n",
       "      <td>23.961955</td>\n",
       "      <td>13.631704</td>\n",
       "      <td>28.611664</td>\n",
       "      <td>0.0</td>\n",
       "      <td>20.285889</td>\n",
       "    </tr>\n",
       "    <tr>\n",
       "      <th>20</th>\n",
       "      <td>37.898744</td>\n",
       "      <td>20.483577</td>\n",
       "      <td>24.724152</td>\n",
       "      <td>13.166467</td>\n",
       "      <td>6.908491</td>\n",
       "      <td>27.158417</td>\n",
       "      <td>18.15068</td>\n",
       "      <td>25.900014</td>\n",
       "      <td>14.17613</td>\n",
       "      <td>18.995794</td>\n",
       "      <td>4.126714</td>\n",
       "      <td>10.984108</td>\n",
       "      <td>10.93979</td>\n",
       "      <td>26.37116</td>\n",
       "      <td>28.18422</td>\n",
       "      <td>3.883699</td>\n",
       "      <td>19.732028</td>\n",
       "      <td>12.830941</td>\n",
       "      <td>20.285889</td>\n",
       "      <td>0.0</td>\n",
       "    </tr>\n",
       "  </tbody>\n",
       "</table>\n",
       "</div>"
      ],
      "text/plain": [
       "Number         1          2          3          4          5          6   \\\n",
       "Number                                                                     \n",
       "1             0.0  56.824301  15.560027  42.415181  35.523591  30.726232   \n",
       "2       56.824301        0.0  42.037925  15.975799  26.326823   36.44924   \n",
       "3       15.560027  42.037925        0.0   27.06221  24.542012   16.95051   \n",
       "4       42.415181  15.975799   27.06221        0.0  19.936821  20.710299   \n",
       "5       35.523591  26.326823  24.542012  19.936821        0.0  31.027868   \n",
       "6       30.726232   36.44924   16.95051  20.710299  31.027868        0.0   \n",
       "7       31.916885  28.542735  16.407817  12.569529  22.585768   9.126956   \n",
       "8       37.626505  30.941053  22.942072  16.217697  31.118959    7.51779   \n",
       "9       39.574163  19.598092  24.084859   3.646656  20.498182  17.086255   \n",
       "10      23.446501  34.572809   7.899019  19.265372  20.756157  12.294678   \n",
       "11      33.898197   24.50206  21.207864  15.336285   5.408292  25.808259   \n",
       "12      43.142728  14.116063  28.066502     3.0996  17.883957  23.306068   \n",
       "13      28.794087  28.036609  14.294865  14.312648  13.306741  17.797999   \n",
       "14      15.905115  42.905968   2.566343  27.566078  26.655989  15.380135   \n",
       "15      10.820268  46.323334   4.786439  31.639904  27.017241    21.1795   \n",
       "16      40.334557  20.258489  27.892256  16.046532   6.112443  31.042112   \n",
       "17      18.463196  39.547886   9.944213  26.869299  17.104847  24.386006   \n",
       "18      38.909666  29.498291   29.84275  25.964036   6.762543  37.704528   \n",
       "19      23.594677  35.179497   8.082706  19.625541  22.299252  10.793091   \n",
       "20      37.898744  20.483577  24.724152  13.166467   6.908491  27.158417   \n",
       "\n",
       "Number         7          8          9          10         11         12  \\\n",
       "Number                                                                     \n",
       "1       31.916885  37.626505  39.574163  23.446501  33.898197  43.142728   \n",
       "2       28.542735  30.941053  19.598092  34.572809   24.50206  14.116063   \n",
       "3       16.407817  22.942072  24.084859   7.899019  21.207864  28.066502   \n",
       "4       12.569529  16.217697   3.646656  19.265372  15.336285     3.0996   \n",
       "5       22.585768  31.118959  20.498182  20.756157   5.408292  17.883957   \n",
       "6        9.126956    7.51779  17.086255  12.294678  25.808259  23.306068   \n",
       "7             0.0   9.029198    8.98449    8.75727  17.220342  14.750797   \n",
       "8        9.029198        0.0  12.995224  16.477055  25.710673  19.210202   \n",
       "9         8.98449  12.995224        0.0  16.202422  15.412508   6.317861   \n",
       "10        8.75727  16.477055  16.202422        0.0  16.245549  20.485531   \n",
       "11      17.220342  25.710673  15.412508  16.245549        0.0    13.7657   \n",
       "12      14.750797  19.210202   6.317861  20.485531    13.7657        0.0   \n",
       "13       9.980831  18.982308   12.39799   8.061639   8.354705  14.480859   \n",
       "14      16.181633  21.854129  24.396073   8.343662  23.037306  28.827752   \n",
       "15      21.194234  27.527801  28.757815  12.634163  24.400142  32.482521   \n",
       "16      22.027703  29.653064  17.567243  22.611678   6.687813    13.4501   \n",
       "17      20.124915  28.598729  24.913478  12.266827   15.63891  26.755131   \n",
       "18      29.343069  37.869221  26.925333  27.021741   12.16448   23.57572   \n",
       "19       8.328781   15.41059  16.396216   1.634828  17.688853  21.063805   \n",
       "20       18.15068  25.900014   14.17613  18.995794   4.126714  10.984108   \n",
       "\n",
       "Number         13         14         15         16         17         18  \\\n",
       "Number                                                                     \n",
       "1       28.794087  15.905115  10.820268  40.334557  18.463196  38.909666   \n",
       "2       28.036609  42.905968  46.323334  20.258489  39.547886  29.498291   \n",
       "3       14.294865   2.566343   4.786439  27.892256   9.944213   29.84275   \n",
       "4       14.312648  27.566078  31.639904  16.046532  26.869299  25.964036   \n",
       "5       13.306741  26.655989  27.017241   6.112443  17.104847   6.762543   \n",
       "6       17.797999  15.380135    21.1795  31.042112  24.386006  37.704528   \n",
       "7        9.980831  16.181633  21.194234  22.027703  20.124915  29.343069   \n",
       "8       18.982308  21.854129  27.527801  29.653064  28.598729  37.869221   \n",
       "9        12.39799  24.396073  28.757815  17.567243  24.913478  26.925333   \n",
       "10       8.061639   8.343662  12.634163  22.611678  12.266827  27.021741   \n",
       "11       8.354705  23.037306  24.400142   6.687813   15.63891   12.16448   \n",
       "12      14.480859  28.827752  32.482521    13.4501  26.755131   23.57572   \n",
       "13            0.0  15.650004  18.331815  14.560069  12.582181  19.921068   \n",
       "14      15.650004        0.0   5.800907  29.688972  12.507674  32.144725   \n",
       "15      18.331815   5.800907        0.0  31.050024  10.521751  31.618527   \n",
       "16      14.560069  29.688972  31.050024        0.0  21.916504  10.263066   \n",
       "17      12.582181  12.507674  10.521751  21.916504        0.0  21.174509   \n",
       "18      19.921068  32.144725  31.618527  10.263066  21.174509        0.0   \n",
       "19       9.407528   8.010248  12.868655  23.961955  13.631704  28.611664   \n",
       "20       10.93979   26.37116   28.18422   3.883699  19.732028  12.830941   \n",
       "\n",
       "Number         19         20  \n",
       "Number                        \n",
       "1       23.594677  37.898744  \n",
       "2       35.179497  20.483577  \n",
       "3        8.082706  24.724152  \n",
       "4       19.625541  13.166467  \n",
       "5       22.299252   6.908491  \n",
       "6       10.793091  27.158417  \n",
       "7        8.328781   18.15068  \n",
       "8        15.41059  25.900014  \n",
       "9       16.396216   14.17613  \n",
       "10       1.634828  18.995794  \n",
       "11      17.688853   4.126714  \n",
       "12      21.063805  10.984108  \n",
       "13       9.407528   10.93979  \n",
       "14       8.010248   26.37116  \n",
       "15      12.868655   28.18422  \n",
       "16      23.961955   3.883699  \n",
       "17      13.631704  19.732028  \n",
       "18      28.611664  12.830941  \n",
       "19            0.0  20.285889  \n",
       "20      20.285889        0.0  "
      ]
     },
     "execution_count": 1,
     "metadata": {},
     "output_type": "execute_result"
    }
   ],
   "source": [
    "import pandas as pd\n",
    "data = pd.read_excel(\"Data\\Instances\\Small_Instances.xlsx\", sheet_name='A1', index_col=0)\n",
    "data = data[['X', 'Y']]\n",
    "\n",
    "def EuclideanDistance(x1, y1, x2, y2):\n",
    "    import math\n",
    "    distance = math.sqrt((x1-x2)**2 + (y1-y2)**2)\n",
    "    return distance\n",
    "\n",
    "# Make a matrix of distances\n",
    "distances = pd.DataFrame(index=data.index, columns=data.index)\n",
    "for i in data.index:\n",
    "    for j in data.index:\n",
